0 0.8380208333333333 0.28935185185185186 0.24895833333333334 0.1287037037037037
0 0.4828125 0.45 0.24583333333333332 0.11851851851851852
0 0.4859375 0.7893518518518519 0.24375 0.13055555555555556
0 0.8401041666666667 0.12453703703703704 0.24583333333333332 0.13055555555555556
0 0.13932291666666666 0.6240740740740741 0.24739583333333334 0.1259259259259259
0 0.4830729166666667 0.275 0.2453125 0.12037037037037036
0 0.14375 0.28888888888888886 0.2520833333333333 0.12962962962962962
0 0.484375 0.1259259259259259 0.24270833333333333 0.13333333333333333
0 0.47994791666666664 0.6180555555555556 0.2359375 0.125
0 0.14088541666666668 0.12407407407407407 0.2453125 0.12777777777777777
0 0.14114583333333333 0.7898148148148149 0.23958333333333334 0.12777777777777777
0 0.140625 0.4583333333333333 0.246875 0.12777777777777777
0 0.146875 0.48009259259259257 0.24791666666666667 0.07685185185185185
