15 0.234375 0.6921875 0.38828125 0.3390625
15 0.7609375 0.66328125 0.36796875 0.31875
15 0.68125 0.54453125 0.25703125 0.2171875
15 0.3265625 0.56484375 0.2703125 0.23046875
15 0.64140625 0.4828125 0.19921875 0.1640625
15 0.37265625 0.49765625 0.209375 0.17265625
15 0.403125 0.4515625 0.16953125 0.13046875
15 0.421875 0.41953125 0.15 0.1015625
15 0.61640625 0.4453125 0.16484375 0.13515625
15 0.596875 0.42109375 0.1390625 0.1140625
18 0.45703125 0.38046875 0.1046875 0.06640625
18 0.48203125 0.3421875 0.06796875 0.04375
18 0.5296875 0.36171875 0.08828125 0.0515625
18 0.5953125 0.33984375 0.05625 0.0421875