13 0.103125 0.4703125 0.0484375 0.05
13 0.1875 0.4609375 0.04609375 0.046875
13 0.28046875 0.46640625 0.046875 0.04921875
13 0.3359375 0.47890625 0.040625 0.04375
13 0.40625 0.4734375 0.0390625 0.0390625
13 0.4390625 0.4609375 0.04140625 0.04375
13 0.48515625 0.48671875 0.0390625 0.04140625
13 0.49375 0.46640625 0.0359375 0.03203125
13 0.53125 0.46796875 0.03515625 0.040625
13 0.5625 0.4578125 0.03671875 0.040625
13 0.5984375 0.47890625 0.0359375 0.040625
13 0.61171875 0.40703125 0.04375 0.0484375
13 0.6515625 0.40078125 0.04140625 0.04921875
13 0.965625 0.5609375 0.046875 0.04140625
13 0.8578125 0.54140625 0.04453125 0.04140625
13 0.88359375 0.5328125 0.0421875 0.04140625
13 0.7890625 0.5046875 0.03984375 0.04375
13 0.7625 0.5046875 0.040625 0.04296875
13 0.7203125 0.496875 0.0375 0.04140625
13 0.678125 0.5046875 0.03984375 0.0390625
13 0.7359375 0.4140625 0.04296875 0.04921875
13 0.7078125 0.3625 0.04609375 0.0515625