5 0.9171875 0.23828125 0.05546875 0.02578125
5 0.86328125 0.2546875 0.059375 0.0265625
5 0.80234375 0.23984375 0.06328125 0.0265625
5 0.71875 0.265625 0.05703125 0.02578125
5 0.66328125 0.25 0.06171875 0.02734375
5 0.56875 0.27890625 0.0578125 0.02734375
5 0.5171875 0.2609375 0.06171875 0.02734375
5 0.409375 0.290625 0.05703125 0.028125
5 0.90859375 0.78359375 0.14296875 0.06484375
5 0.90390625 0.7125 0.1453125 0.0703125
5 0.67265625 0.79375 0.18125 0.0578125
5 0.68984375 0.66875 0.134375 0.0625
5 0.45546875 0.75078125 0.17265625 0.0515625
5 0.5015625 0.63203125 0.12734375 0.06015625
5 0.2625 0.70625 0.1640625 0.04609375
5 0.0890625 0.6703125 0.15859375 0.04140625