17 0.134375 0.9 0.10625 0.146875
17 0.125 0.715625 0.10546875 0.1453125
17 0.12265625 0.52265625 0.10625 0.1390625
17 0.14375 0.35703125 0.10625 0.1234375
17 0.18984375 0.21796875 0.109375 0.09609375
17 0.27734375 0.1390625 0.121875 0.07890625
17 0.38125 0.0875 0.13515625 0.05390625
17 0.50859375 0.0703125 0.13359375 0.0421875
17 0.6328125 0.08671875 0.13984375 0.04296875
17 0.7234375 0.146875 0.13828125 0.0796875
17 0.8078125 0.25078125 0.1171875 0.12421875
17 0.8671875 0.365625 0.10625 0.140625
17 0.8921875 0.4828125 0.1078125 0.1234375
17 0.86875 0.5828125 0.109375 0.0875
17 0.77890625 0.64140625 0.1078125 0.06171875
17 0.65859375 0.675 0.1125 0.04921875
17 0.53828125 0.675 0.115625 0.04453125