15 0.0640625 0.5421875 0.0953125 0.0640625
15 0.15234375 0.553125 0.103125 0.075
15 0.27109375 0.56640625 0.1125 0.084375
15 0.4203125 0.584375 0.12578125 0.1
15 0.87734375 0.53359375 0.1375 0.06015625
15 0.71328125 0.528125 0.12109375 0.0546875
15 0.58203125 0.521875 0.1078125 0.04921875
15 0.47421875 0.515625 0.09765625 0.04609375
15 0.38203125 0.50546875 0.08984375 0.03515625
15 0.23984375 0.50234375 0.07734375 0.0375
15 0.1765625 0.4984375 0.06328125 0.03515625
18 0.88359375 0.50625 0.07578125 0.04609375
18 0.790625 0.5046875 0.07421875 0.04375
18 0.71953125 0.503125 0.071875 0.04140625
18 0.64921875 0.49921875 0.06796875 0.0328125
18 0.584375 0.50078125 0.06796875 0.03515625
18 0.521875 0.49765625 0.06171875 0.0359375
18 0.47265625 0.4953125 0.05546875 0.0328125
18 0.42265625 0.49375 0.0625 0.03359375