33 0.12421875 0.78515625 0.0328125 0.028125
33 0.16015625 0.72421875 0.03984375 0.0296875
33 0.196875 0.6625 0.04296875 0.03046875
33 0.24453125 0.5796875 0.040625 0.0359375
33 0.315625 0.4703125 0.0515625 0.03828125
33 0.41484375 0.3421875 0.05625 0.04921875
33 0.4953125 0.20625 0.0609375 0.05
33 0.5671875 0.275 0.05 0.0484375
33 0.65859375 0.403125 0.053125 0.03984375
33 0.7640625 0.52734375 0.0453125 0.0390625
33 0.84375 0.63046875 0.04765625 0.03515625
33 0.90625 0.71875 0.04296875 0.03203125