16 0.14453125 0.73828125 0.28671875 0.3
16 0.353125 0.6015625 0.56875 0.19921875
16 0.59921875 0.5234375 0.49765625 0.1390625
16 0.759375 0.478125 0.43828125 0.1109375
16 0.8453125 0.44765625 0.30703125 0.09140625
16 0.8953125 0.4234375 0.2078125 0.078125
16 0.9625 0.34765625 0.07265625 0.03984375
16 0.83125 0.34765625 0.1734375 0.03984375
16 0.7640625 0.3546875 0.16796875 0.0421875
16 0.696875 0.3609375 0.175 0.0453125
16 0.61875 0.3703125 0.1953125 0.05
16 0.5328125 0.38125 0.20859375 0.05625
16 0.43828125 0.39375 0.240625 0.0625
16 0.2234375 0.41796875 0.246875 0.075