18 0.1765625 0.75390625 0.27109375 0.24765625
18 0.4125 0.66640625 0.2421875 0.21640625
18 0.70625 0.7078125 0.2578125 0.23125
18 0.86328125 0.6296875 0.228125 0.203125
18 0.246875 0.425 0.1515625 0.12578125
18 0.3765625 0.39140625 0.14140625 0.115625
18 0.55390625 0.40859375 0.1484375 0.12109375
18 0.65546875 0.38203125 0.13828125 0.11015625
18 0.565625 0.27734375 0.09921875 0.07890625
18 0.490625 0.28984375 0.10390625 0.08203125
18 0.36328125 0.28359375 0.1015625 0.08359375
18 0.2734375 0.2984375 0.10625 0.0859375
18 0.5171875 0.21484375 0.07734375 0.0609375
18 0.45546875 0.22421875 0.08203125 0.0609375
18 0.35546875 0.21953125 0.075 0.0609375
18 0.28671875 0.2296875 0.0796875 0.06328125
18 0.29375 0.18671875 0.06640625 0.05078125
18 0.35625 0.1796875 0.0640625 0.05
18 0.43125 0.18203125 0.065625 0.05
18 0.48515625 0.178125 0.0640625 0.04921875
18 0.29609375 0.15859375 0.05625 0.0421875
18 0.3546875 0.153125 0.05625 0.0390625
18 0.41640625 0.1546875 0.05546875 0.04453125
18 0.4421875 0.1296875 0.0453125 0.034375
18 0.43125 0.11640625 0.03671875 0.0265625
18 0.42421875 0.103125 0.03125 0.01875
18 0.403125 0.13359375 0.04140625 0.0296875
18 0.39609375 0.11640625 0.0359375 0.02578125
18 0.39140625 0.10546875 0.0328125 0.021875
18 0.353125 0.13203125 0.04921875 0.03125
18 0.35 0.11640625 0.03984375 0.0234375
18 0.34921875 0.103125 0.034375 0.0203125
18 0.3 0.134375 0.046875 0.0359375
18 0.303125 0.1203125 0.0421875 0.0265625
18 0.30703125 0.10546875 0.0375 0.021875