7 0.97421875 0.4421875 0.05 0.0328125
7 0.875 0.45078125 0.059375 0.03203125
7 0.78203125 0.45859375 0.06484375 0.034375
7 0.6734375 0.46796875 0.0640625 0.03515625
7 0.528125 0.48125 0.06171875 0.0375
7 0.384375 0.49375 0.065625 0.03828125
7 0.22265625 0.509375 0.0703125 0.0390625
7 0.09296875 0.52109375 0.075 0.0421875
19 0.2 0.77578125 0.11171875 0.0953125
19 0.40546875 0.740625 0.09375 0.08671875
19 0.58359375 0.71015625 0.09375 0.0796875
19 0.74140625 0.6828125 0.08828125 0.07421875
19 0.89296875 0.65546875 0.08984375 0.06640625
19 0.9015625 0.7625 0.1953125 0.0796875
19 0.703125 0.80390625 0.203125 0.084375
19 0.4640625 0.8578125 0.21875 0.09453125