17 0.1390625 0.91171875 0.2765625 0.17421875
17 0.6265625 0.79140625 0.3609375 0.23125
17 0.115625 0.46484375 0.23046875 0.14296875
17 0.84609375 0.3046875 0.23203125 0.12578125
17 0.5875 0.3609375 0.234375 0.13203125
17 0.9265625 0.11328125 0.1453125 0.0890625
17 0.78671875 0.1484375 0.17421875 0.09375
17 0.45859375 0.20390625 0.175 0.1
17 0.2140625 0.2453125 0.1734375 0.103125
17 0.571875 0.0546875 0.13046875 0.08359375
17 0.409375 0.0796875 0.13359375 0.08828125
17 0.12109375 0.12109375 0.1328125 0.0921875