26 0.25234375 0.35078125 0.04453125 0.025
26 0.2796875 0.440625 0.109375 0.05390625
26 0.32421875 0.45 0.1171875 0.05546875
26 0.3703125 0.465625 0.12578125 0.0625
26 0.42109375 0.48046875 0.13359375 0.06484375
26 0.46796875 0.503125 0.1453125 0.0765625
26 0.5078125 0.546875 0.128125 0.08515625
26 0.70859375 0.54375 0.15078125 0.08046875
26 0.8125 0.52890625 0.153125 0.07734375
26 0.8046875 0.49140625 0.171875 0.06171875
26 0.7625 0.46953125 0.14375 0.0578125
26 0.6875 0.45234375 0.1328125 0.06171875
26 0.6 0.4265625 0.09765625 0.05703125
26 0.51484375 0.41015625 0.08984375 0.0484375
10 0.4640625 0.3953125 0.1046875 0.05234375