14 0.2859375 0.8796875 0.12734375 0.22109375
14 0.446875 0.8828125 0.12421875 0.22109375
14 0.515625 0.7640625 0.1125 0.1890625
14 0.6625 0.878125 0.11640625 0.215625
14 0.165625 0.27890625 0.07421875 0.0890625
14 0.259375 0.28203125 0.0734375 0.0890625
14 0.31171875 0.2453125 0.06875 0.07890625
14 0.3859375 0.28828125 0.07109375 0.0875
14 0.1171875 0.03671875 0.05234375 0.0515625
14 0.18046875 0.0390625 0.05 0.053125
14 0.2203125 0.0234375 0.0484375 0.04453125
14 0.27265625 0.0453125 0.0515625 0.0515625