14 0.0953125 0.81484375 0.05703125 0.153125
14 0.178125 0.81796875 0.05546875 0.1515625
14 0.3421875 0.81953125 0.0578125 0.1515625
14 0.42265625 0.81953125 0.0578125 0.14921875
14 0.503125 0.81640625 0.05859375 0.14296875
14 0.5796875 0.82265625 0.05859375 0.14921875
14 0.66484375 0.825 0.0578125 0.14609375
14 0.74375 0.82734375 0.05859375 0.15078125
14 0.8265625 0.82578125 0.05703125 0.153125
14 0.46015625 0.33125 0.0703125 0.1234375
14 0.6359375 0.3359375 0.0703125 0.12734375
14 0.9265625 0.34296875 0.06640625 0.1390625
14 0.87421875 0.14765625 0.0765625 0.11171875
14 0.6921875 0.15546875 0.06953125 0.11328125