11 0.1921875 0.4484375 0.09375 0.12734375
11 0.07890625 0.38671875 0.09140625 0.11640625
5 0.5078125 0.5671875 0.49375 0.453125
15 0.8171875 0.390625 0.08125 0.115625
15 0.903125 0.31015625 0.0796875 0.11171875
15 0.859375 0.24921875 0.05859375 0.0734375
15 0.76953125 0.28203125 0.05859375 0.07734375
15 0.7046875 0.32109375 0.05859375 0.07890625
15 0.65390625 0.35078125 0.0609375 0.08046875
21 0.2734375 0.30078125 0.0515625 0.071875
21 0.209375 0.26328125 0.05 0.0671875
21 0.1515625 0.21796875 0.04921875 0.0671875
21 0.08046875 0.178125 0.0484375 0.0640625