5 0.24296875 0.25703125 0.38046875 0.1765625
10 0.87109375 0.1859375 0.13671875 0.0609375
16 0.4578125 0.17734375 0.10390625 0.05
16 0.52734375 0.18828125 0.1109375 0.04609375
16 0.59140625 0.203125 0.1078125 0.04375
16 0.5515625 0.2390625 0.1265625 0.0515625
16 0.64765625 0.26875 0.12109375 0.05
16 0.65078125 0.4015625 0.109375 0.0640625
16 0.54140625 0.4 0.1734375 0.0671875
16 0.68828125 0.4921875 0.18046875 0.07265625
16 0.78203125 0.48203125 0.1390625 0.06640625
16 0.85234375 0.590625 0.18984375 0.08359375