14 0.0671875 0.7015625 0.13359375 0.10703125
14 0.153125 0.7171875 0.175 0.1125
14 0.36171875 0.67421875 0.1671875 0.10703125
14 0.3234375 0.54921875 0.1125 0.07734375
14 0.4703125 0.53359375 0.1140625 0.07734375
14 0.55859375 0.53359375 0.11640625 0.07734375
14 0.6859375 0.5140625 0.115625 0.0734375
14 0.57734375 0.46328125 0.08671875 0.0578125
14 0.6890625 0.45078125 0.08828125 0.05625
14 0.753125 0.4484375 0.0921875 0.0578125
14 0.72734375 0.41328125 0.0703125 0.046875
14 0.85078125 0.43671875 0.0875 0.05703125
14 0.8203125 0.403125 0.06875 0.0453125
14 0.87734375 0.4 0.07109375 0.04765625
14 0.83671875 0.37734375 0.0625 0.0390625
14 0.94921875 0.39140625 0.07109375 0.04453125
14 0.909375 0.37109375 0.06015625 0.0375
14 0.91484375 0.35234375 0.0515625 0.0328125
14 0.96328125 0.3671875 0.06171875 0.0375
14 0.9796875 0.3453125 0.03984375 0.034375
14 0.9625 0.33515625 0.0453125 0.034375