5 0.2421875 0.25703125 0.37890625 0.17421875
10 0.8703125 0.18671875 0.13515625 0.0625
16 0.853125 0.59140625 0.18828125 0.08203125
16 0.6875 0.4921875 0.17890625 0.07421875
16 0.78203125 0.4828125 0.13671875 0.06484375
16 0.54140625 0.4 0.171875 0.06640625
16 0.65078125 0.403125 0.109375 0.06171875
16 0.6484375 0.26953125 0.11875 0.04921875
16 0.5515625 0.23984375 0.1265625 0.05
16 0.4578125 0.17734375 0.103125 0.04765625
16 0.5265625 0.1890625 0.11171875 0.04453125
16 0.58984375 0.203125 0.1078125 0.04296875