12 0.565625 0.92890625 0.06015625 0.015625
12 0.490625 0.9171875 0.06015625 0.015625
12 0.4171875 0.90390625 0.0609375 0.01484375
12 0.34453125 0.9265625 0.0609375 0.015625
12 0.2484375 0.9546875 0.059375 0.0171875
12 0.6671875 0.7078125 0.0640625 0.01796875
12 0.5640625 0.703125 0.06484375 0.0171875
12 0.49296875 0.69375 0.06484375 0.01953125
12 0.4046875 0.71484375 0.06484375 0.01796875
12 0.3046875 0.7390625 0.0640625 0.01875
12 0.70625 0.55234375 0.06796875 0.02265625
12 0.60625 0.53515625 0.06875 0.02109375
12 0.5265625 0.52109375 0.06953125 0.0203125
12 0.43125 0.54609375 0.06875 0.0203125
12 0.35859375 0.5734375 0.06875 0.021875
12 0.73828125 0.35390625 0.07265625 0.0203125
12 0.62734375 0.34453125 0.07265625 0.0203125
12 0.5546875 0.3328125 0.07265625 0.021875
12 0.47890625 0.35546875 0.07265625 0.02109375
12 0.378125 0.37109375 0.071875 0.01875
12 0.8546875 0.08984375 0.07890625 0.025
12 0.69453125 0.075 0.0796875 0.0234375
12 0.6 0.053125 0.07890625 0.025
12 0.4828125 0.0875 0.07890625 0.0234375
12 0.38203125 0.115625 0.078125 0.0234375