20 0.5 0.06953125 0.14453125 0.1296875
20 0.61953125 0.1625 0.1390625 0.128125
20 0.740625 0.25078125 0.14140625 0.1296875
20 0.37890625 0.1609375 0.14140625 0.13125
20 0.25703125 0.25078125 0.146875 0.1296875
20 0.503125 0.40078125 0.14453125 0.1296875
20 0.375 0.490625 0.14453125 0.13125
20 0.621875 0.48984375 0.14453125 0.1328125
20 0.740625 0.5796875 0.14140625 0.13125
20 0.253125 0.58203125 0.14453125 0.1328125
20 0.496875 0.73125 0.14453125 0.128125
20 0.2515625 0.9109375 0.146875 0.13125
20 0.375 0.82265625 0.14453125 0.1296875
20 0.61953125 0.8203125 0.14453125 0.13125
20 0.7375 0.90859375 0.14140625 0.1296875