5 0.35859375 0.29609375 0.21640625 0.08359375
16 0.609375 0.6890625 0.11796875 0.0453125
16 0.62734375 0.61484375 0.10546875 0.04140625
16 0.528125 0.56796875 0.1109375 0.04296875
16 0.5546875 0.49921875 0.09375 0.0390625
16 0.47109375 0.49921875 0.10546875 0.03828125
16 0.70625 0.340625 0.07578125 0.03203125
16 0.615625 0.35 0.07890625 0.03046875
16 0.56328125 0.25078125 0.0765625 0.0296875
16 0.6296875 0.2546875 0.06875 0.02890625
16 0.690625 0.25390625 0.07109375 0.02578125
10 0.83203125 0.29296875 0.08515625 0.0390625