13 0.365625 0.2515625 0.18125 0.140625
13 0.36015625 0.47890625 0.1765625 0.1359375
13 0.6265625 0.62421875 0.17578125 0.128125
13 0.8359375 0.57109375 0.17578125 0.128125
16 0.1515625 0.3015625 0.15703125 0.11484375
16 0.14765625 0.515625 0.15546875 0.1125
16 0.634375 0.8578125 0.1484375 0.1015625
16 0.83984375 0.77421875 0.15 0.103125
16 0.83203125 0.38984375 0.16796875 0.12421875
16 0.6296875 0.40234375 0.16796875 0.12265625
16 0.57890625 0.209375 0.17109375 0.128125
16 0.82578125 0.18828125 0.175 0.13125