8 0.6234375 0.234375 0.034375 0.009375
8 0.58046875 0.2328125 0.0359375 0.009375
8 0.5578125 0.25 0.04296875 0.0125
8 0.640625 0.25390625 0.13671875 0.02578125
8 0.60234375 0.26875 0.08984375 0.015625
8 0.53125 0.259375 0.0703125 0.015625
8 0.4390625 0.2734375 0.0421875 0.0140625
8 0.40625 0.27265625 0.115625 0.02265625
8 0.46953125 0.2421875 0.05703125 0.0109375
8 0.2875 0.2859375 0.10078125 0.01953125
8 0.80234375 0.28046875 0.38125 0.07734375
8 0.278125 0.184375 0.22734375 0.04296875
8 0.09453125 0.2109375 0.18046875 0.03515625