15 0.10234375 0.67421875 0.17578125 0.15234375
15 0.28046875 0.6546875 0.2453125 0.16953125
15 0.33203125 0.55546875 0.221875 0.15859375
15 0.52578125 0.67734375 0.31015625 0.1890625
15 0.55546875 0.52890625 0.2765625 0.178125
15 0.578125 0.4421875 0.25546875 0.16953125
16 0.6734375 0.26875 0.12109375 0.07109375
16 0.78203125 0.259375 0.14765625 0.07109375
16 0.90703125 0.23515625 0.159375 0.0765625
16 0.79140625 0.1671875 0.128125 0.06796875
16 0.91953125 0.15546875 0.1359375 0.07265625
16 0.91484375 0.0765625 0.146875 0.06953125